31 0.7355557521115711 0.20008194490482567 0.07599786183676702 0.11738096215838478
31 0.13060852467711323 0.3760317650609425 0.07410875290299387 0.13292411660488845
31 0.10131686361913372 0.6839161869306414 0.07380487602253202 0.14930308475372306
23 0.8172149290711751 0.18885675742603017 0.04065374373179376 0.05605159255827141
23 0.8809628434943668 0.06751995996576811 0.0316424565847754 0.06822421034428625
23 0.22196799590987187 0.5958482464566209 0.04314825791755883 0.08813740626060226
23 0.18463078345260187 0.4545585583448533 0.03570783095795469 0.07382936960011328
23 0.049986661982416344 0.32472967068857256 0.03685279381093611 0.08635665145127884
11 0.5512155075218473 0.08494055062512296 0.0336141335443795 0.08234127404661713
23 0.5423777166139051 0.039273386559972395 0.02225308471887839 0.04058035998146655
5 0.36570991653476287 0.06360372004775111 0.05061141693047429 0.1032266929210911
5 0.3499783017950019 0.3086161196849314 0.04298077335696497 0.10920387440943688