31 0.259375 0.17421875 0.07265625 0.11484375
31 0.85859375 0.37109375 0.0703125 0.13046875
31 0.87890625 0.6796875 0.06953125 0.146875
23 0.178125 0.16015625 0.0390625 0.0546875
23 0.11796875 0.03671875 0.0296875 0.0671875
23 0.7609375 0.5875 0.040625 0.08671875
23 0.80234375 0.44765625 0.03359375 0.07265625
23 0.940625 0.32265625 0.034375 0.08515625
11 0.446875 0.065625 0.03125 0.08125
23 0.45703125 0.0203125 0.02109375 0.03984375
5 0.6328125 0.05078125 0.04765625 0.1015625
5 0.64140625 0.29609375 0.03984375 0.1078125