31 0.7436659995929629 0.1656007978994592 0.07466085511284995 0.11568918200986315
31 0.14788371550070573 0.36944833931413723 0.07258984050235337 0.131286910009545
31 0.1329577394433979 0.678278446650228 0.07209496266133196 0.14768406934277217
23 0.82467053774241 0.15059286855509604 0.04001707386326174 0.05514203333863614
23 0.8826721781653329 0.03011092994113907 0.03086026217486477 0.06022185988227814
23 0.2493173506453278 0.584718255967547 0.04213868141174384 0.0871914646721816
23 0.20547011890927241 0.4453563113065012 0.03486196956119085 0.07304714867122701
23 0.06500698579324521 0.3219653593252731 0.03586140787279353 0.08555623933799979
11 0.5542704886359143 0.059188807924912545 0.03266822402541756 0.0816136266709089
23 0.5433233060063545 0.017019542797194843 0.021789225243233547 0.03403908559438969
5 0.36807389001588603 0.048783575976694256 0.049429030031772035 0.09756715195338851
5 0.3637620856310894 0.2919211339513204 0.04172562418757346 0.10827612400540883