30 0.8331317680219534 0.14237119149194374 0.05413406401177241 0.08795524810013892
30 0.8677880313494537 0.09858417069038121 0.04615793200986289 0.07371091014423614
30 0.8969210006763177 0.050236936457950646 0.05009145401018138 0.07614557912218753
31 0.817862398710998 0.30761498499492984 0.07268461668522655 0.13837347539871542
22 0.4458312153484993 0.10137217030913157 0.022484074673772447 0.05285289627652778
22 0.22798009667409058 0.04939601548322898 0.022429530673136 0.04816539627652779
23 0.6539084393698165 0.25360289827329807 0.02970622867599957 0.06942280043684032
23 0.7487578627068618 0.27874640900687436 0.028952250676317702 0.07174836664124999
23 0.5774362986950896 0.19599172644555507 0.026563047342454026 0.06778756525447918
23 0.8826237853675891 0.2318687961653465 0.03969884667409076 0.05559668977951393
31 0.6859931386855446 0.12313349506291608 0.05567838267822669 0.0864291156913195