30 0.8237178281645438 0.13753184527673365 0.057163990694375146 0.08826452962517115
30 0.8608753798599548 0.09354015287772331 0.04869651923042255 0.07397470909205775
30 0.8927825053766835 0.04502008485189238 0.05271193114108108 0.07643211935861446
31 0.7988526071148758 0.3028757004495831 0.07746152812176241 0.13878736685133203
22 0.4393278655919312 0.09878421166584722 0.024312949338046154 0.05298024749271753
22 0.22479663875129502 0.0480724724863999 0.02409462551672865 0.048292747492717523
23 0.6382640175777926 0.24981419959165327 0.03210833271265763 0.06959108597251955
23 0.73152171195344 0.2744073711409811 0.03143624462331651 0.07191210391920819
23 0.5652482026478151 0.19264420876285335 0.02891055810555194 0.06793765775927421
23 0.867934400952404 0.22674745797143053 0.041609611248705033 0.05582410266556703
31 0.6778980599675787 0.11914922129926567 0.058653716087269284 0.08674749373179384