18 0.4085516682506225 0.3651366373718101 0.043793115597690856 0.0832360488255011
18 0.32953279183237905 0.6664012721698308 0.05741534639736088 0.09534124373179384
18 0.40100124419401223 0.24904863611816888 0.04311115399835064 0.059798548825501105
18 0.35604174835064734 0.13092677342347198 0.036125368104973174 0.06115646034569897
20 0.20248455852542652 0.6599503468595793 0.04471075791755883 0.08794628087881247
19 0.23163015241550494 0.5435751891003051 0.03924200791755883 0.08778715650563314
27 0.8128059445770883 0.5828670773300451 0.08966555674305994 0.13062552586424747
27 0.7603448711409811 0.7225577146353481 0.08209474914207 0.1655317232778227
19 0.059557890274803994 0.2870848113619134 0.042739080957954666 0.07383831677218974
19 0.01721525773632985 0.2509260025072825 0.0344305154726597 0.07843488855894432
28 0.7408653777383917 0.15797838908766976 0.07914559389007839 0.11783000917119998