18 0.5716859767298954 0.3705893845878673 0.043315548536979165 0.08251305533895437
18 0.6350340830188188 0.6689899745783222 0.05686955547083343 0.09438634667409058
18 0.585332862272847 0.2540558652530492 0.042770034669270804 0.059075555338954366
18 0.6365524829981596 0.13396099391314037 0.03577515226045147 0.060556239337999786
20 0.7626142223614926 0.6573519458943685 0.0442059013105208 0.08720964600572696
19 0.7395241741088536 0.5420269378978684 0.0387371513105208 0.08714601133831792
27 0.15540244082635363 0.6050585753103193 0.08891964247680564 0.12912497334499945
27 0.2006214090068744 0.7427762039704104 0.08114416327836818 0.1641812260104995
19 0.9253032456315969 0.27821733454014214 0.042316092989895894 0.07312896467218159
19 0.9722698178199304 0.24018098520055156 0.03930019576343753 0.0777801020050907
28 0.24972397701423596 0.1767330332988652 0.07847245174736121 0.11650679467695406