0 0.57578125 0.24621395735003518 0.05390625 0.06766093189572916
15 0.58046875 0.3408543101235769 0.08515625 0.09963828371934032
0 0.58359375 0.062802045305938 0.040625 0.06188305737069448
0 0.57578125 0.24621395735003518 0.05390625 0.06766093189572916
15 0.58046875 0.3408543101235769 0.08515625 0.09963828371934032
0 0.57578125 0.24621395735003518 0.05390625 0.06766093189572916
15 0.58046875 0.3408543101235769 0.08515625 0.09963828371934032
0 0.57578125 0.24621395735003518 0.05390625 0.06766093189572916
15 0.58046875 0.3408543101235769 0.08515625 0.09963828371934032
0 0.57578125 0.24621395735003518 0.05390625 0.06766093189572916
15 0.58046875 0.3408543101235769 0.08515625 0.09963828371934032
0 0.57578125 0.24621395735003518 0.05390625 0.06766093189572916
15 0.58046875 0.3408543101235769 0.08515625 0.09963828371934032