0 0.57578125 0.2328125 0.05390625 0.06640625
15 0.58046875 0.32734375 0.08515625 0.09765625
0 0.58359375 0.04921875 0.040625 0.0609375
0 0.57578125 0.2328125 0.05390625 0.06640625
15 0.58046875 0.32734375 0.08515625 0.09765625
0 0.57578125 0.2328125 0.05390625 0.06640625
15 0.58046875 0.32734375 0.08515625 0.09765625
0 0.57578125 0.2328125 0.05390625 0.06640625
15 0.58046875 0.32734375 0.08515625 0.09765625
0 0.57578125 0.2328125 0.05390625 0.06640625
15 0.58046875 0.32734375 0.08515625 0.09765625
0 0.57578125 0.2328125 0.05390625 0.06640625
15 0.58046875 0.32734375 0.08515625 0.09765625