0 0.4147323675670357 0.257520428543907 0.05661209733826165 0.06954593152767874
15 0.40619301429727506 0.35177866275889147 0.08913543726214956 0.10261603676111575
0 0.41440073961987667 0.07347165223554777 0.04310801285158128 0.06330363680346807
0 0.4147323675670357 0.257520428543907 0.05661209733826165 0.06954593152767874
15 0.40619301429727506 0.35177866275889147 0.08913543726214956 0.10261603676111575
0 0.4147323675670357 0.257520428543907 0.05661209733826165 0.06954593152767874
15 0.40619301429727506 0.35177866275889147 0.08913543726214956 0.10261603676111575
0 0.4147323675670357 0.257520428543907 0.05661209733826165 0.06954593152767874
15 0.40619301429727506 0.35177866275889147 0.08913543726214956 0.10261603676111575
0 0.4147323675670357 0.257520428543907 0.05661209733826165 0.06954593152767874
15 0.40619301429727506 0.35177866275889147 0.08913543726214956 0.10261603676111575
0 0.4147323675670357 0.257520428543907 0.05661209733826165 0.06954593152767874
15 0.40619301429727506 0.35177866275889147 0.08913543726214956 0.10261603676111575